0.26153 0.963499 0.0572036
0.30475 0.915621 -0.262231
0.3037 0.947028 -0.104429
0.413549 0.890638 -0.189054
0.353439 0.917535 0.182235
0.403217 0.911466 0.0815249
0.494962 0.866503 -0.0646917
0.511377 0.859255 -0.0132402
0.471769 0.878122 -0.079597
0.542205 0.822497 -0.171789
0.541259 0.832385 0.119055
0.492848 0.835214 -0.243965
0.619229 0.740879 -0.260104
-0.153652 0.987727 -0.0280529
-0.151078 0.980742 -0.123774
-0.267453 0.963355 -0.0204257
-0.314829 0.945063 -0.0879631
-0.296605 0.877599 -0.376624
-0.370156 0.922317 0.110976
-0.361384 0.928599 -0.0842907
-0.385009 0.897462 -0.215243
-0.449225 0.886446 -0.111399
-0.531142 0.840329 -0.108329
-0.536636 0.833778 -0.129756
0.606696 0.78562 -0.121331
0.60351 0.789319 -0.112918
0.597461 0.797871 -0.0802621
0.547106 0.829916 -0.109155
0.532597 0.844111 0.0617793
0.506167 0.861913 -0.0300246
0.424955 0.903426 0.0568706
0.354239 0.929101 -0.106233
0.254432 0.957286 -0.137359
0.322602 0.938281 -0.124727
0.256586 0.96496 -0.0549225
0.216227 0.972297 0.0887938
-0.131684 0.989734 0.055552
-0.132991 0.98983 -0.0504984
-0.176468 0.984041 -0.0228407
0.0561669 0.996474 -0.062331
0.0233999 0.957699 0.286818
0.00606045 0.983589 0.180321
0.00312233 0.999436 0.0334254
-0.00785302 0.999127 -0.0410352
0.153124 0.987863 0.0260749
-0.0539428 0.973503 0.222222
0.128284 0.965246 -0.227694
0.146541 0.979341 0.139344
0.141617 0.983173 -0.115392
0.261935 0.928625 -0.262764
0.255494 0.924974 0.281329
0.125367 0.961136 -0.245967
0.15314 0.980916 -0.119802
0.124121 0.927204 -0.353394
-0.00247125 0.909053 -0.416674
-0.0254531 0.999082 0.0344431
-0.00467477 0.999449 -0.0328718
-0.0300747 0.965277 -0.259491
-0.0362908 0.995283 0.0899691
-0.097836 0.988938 -0.111491
-0.128552 0.978025 0.164139
-0.160794 0.973014 0.165499
-0.164081 0.935731 -0.312226
0.249059 0.954844 -0.161999
0.233056 0.946867 -0.221647
0.148286 0.986087 -0.0751225
0.123065 0.98537 -0.117906
0.108789 0.979267 -0.170886
-0.00115423 0.993139 -0.11693
-0.00773078 0.9916 -0.129114
-0.105622 0.99388 -0.0323589
-0.0498641 0.994948 -0.0871335
-0.165883 0.982116 -0.0890507
0.0752521 0.995753 0.0530467
-0.0931401 0.993064 0.071755
-0.131909 0.990038 0.0492517
-0.184447 0.973848 0.132665
-0.305036 0.94939 0.0749104
-0.296359 0.944719 0.140272
-0.375489 0.915901 0.141891
-0.467109 0.879251 0.0934182
-0.451327 0.884625 0.11723
-0.420582 0.904675 0.0683642
-0.50762 0.861181 -0.0262566
-0.482955 0.875351 -0.0227065
-0.390617 0.908699 -0.147257
-0.404493 0.876412 -0.261319
-0.364804 0.928795 0.0652519
-0.389224 0.917845 -0.077879
-0.282726 0.958245 0.0428002
-0.285847 0.94198 -0.175971
-0.296521 0.95355 -0.0530891
-0.311097 0.949528 0.0401785
-0.256863 0.95771 0.129667
-0.273452 0.956346 0.103081
-0.136727 0.953723 0.267804
-0.200474 0.979441 -0.0224881
0.586627 0.798776 0.133511
0.49258 0.869466 -0.0373283
0.508774 0.859049 0.0564242
0.494224 0.868255 -0.0433143
0.47467 0.88015 -0.00496775
0.390519 0.910255 0.137592
0.37871 0.907531 0.181568
0.381891 0.920426 0.0835124
0.361888 0.932196 0.00695786
0.28241 0.949854 -0.134245
0.306313 0.93852 0.159228
0.233882 0.960608 0.150104
0.292072 0.952231 0.0891598
0.244856 0.917729 0.31276
-0.781562 0.607498 0.141798
-0.657268 0.711763 -0.247774
-0.686528 0.709333 0.159769
-0.686666 0.706053 -0.173143
-0.714689 0.693144 0.0936493
-0.548591 0.766495 -0.333967
-0.575414 0.802729 -0.156604
-0.570417 0.815502 -0.0978802
-0.593403 0.793554 0.134701
-0.574808 0.818281 -0.00350796
-0.506957 0.848332 -0.152734
