-0.899064 0.43781 0.00229048
-0.796028 0.604564 -0.0290196
-0.855382 0.517142 -0.0297557
-0.850943 0.525089 -0.0133159
-0.84787 0.530203 -0.00123863
-0.830868 0.556453 -0.00433107
-0.840199 0.542235 0.00690324
-0.7884 0.614815 -0.0206785
-0.821542 0.570008 0.012614
-0.731654 0.681344 -0.021262
-0.986294 0.164896 -0.0058194
-0.992692 0.120594 0.0044656
-0.957252 0.289205 -0.00533786
-0.94792 0.318162 -0.0148446
-0.950242 0.311506 0.00213106
-0.954972 0.296662 0.00439582
-0.955756 0.293573 0.0185734
-0.922108 0.386851 -0.00799287
-0.920367 0.390988 -0.00727017
-0.911984 0.410214 -0.00297846
-0.989225 -0.1463 0.00553316
-0.988311 -0.152442 -0.00156739
-0.986862 -0.161514 -0.003995
-0.985105 -0.171938 0.00239956
-0.961624 -0.274359 0.00257087
-0.960278 -0.278877 -0.00968368
-0.949973 -0.312316 -0.0032659
-0.92839 -0.371592 0.00338152
-0.921349 -0.388551 0.0119728
-0.874806 -0.484358 -0.0106136
-0.816065 -0.577941 0.00464322
-0.786581 0.617457 0.00609309
-0.799391 0.60056 0.0173567
-0.83342 0.55133 0.0380364
-0.835255 0.549331 0.0242027
-0.851106 0.524994 0.000823163
-0.865661 0.500629 0.00105215
-0.908226 0.418477 -0.00161719
-0.924282 0.381705 -0.00204351
-0.957222 0.289214 0.00905822
-0.978565 0.205639 0.011129
-0.805734 0.592242 0.00651337
-0.865096 0.50154 -0.00822531
-0.961229 0.275729 0.00347187
-0.94926 0.314257 0.01219
-0.968374 0.249504 -3.17653e-06
-0.98669 0.162334 0.00956254
-0.979149 0.203108 0.00380205
-0.980185 0.194881 0.0354809
-0.999479 0.0291834 -0.0137824
-0.999439 0.0313108 -0.0118478
-0.998759 0.0427287 0.0256046
-0.987954 -0.154724 -0.0028041
-0.987272 -0.158907 -0.0064926
-0.986092 -0.157399 0.0533658
-0.986007 -0.166312 0.011403
-0.999021 0.0341028 -0.0281902
-0.999884 0.0145027 0.00455218
-0.999206 0.0386791 -0.00953346
-0.999236 0.0381008 0.00873998
-0.989112 0.147162 -0.000460991
-0.97438 0.224427 0.0146963
-0.890431 0.455076 0.00619196
-0.861662 -0.507428 0.00741873
-0.865881 -0.500248 0.00140722
-0.921811 -0.387602 -0.0053581
-0.927161 -0.374592 0.00724555
-0.920643 -0.390396 -0.00271569
-0.964779 -0.262528 -0.0167376
-0.956482 -0.291754 -0.0046167
-0.949728 -0.313073 0.00117453
-0.945295 -0.32592 -0.0139217
-0.96362 -0.266786 -0.0161988
-0.854227 0.519883 -0.00427481
-0.870415 0.492311 -0.00279794
-0.867283 0.497788 0.00521476
-0.910663 0.413151 0.000439916
-0.936708 0.349672 0.0175497
-0.96006 0.27923 0.0177334
-0.951288 0.308297 0.0020383
-0.953799 0.300446 5.76818e-05
-0.968955 0.247223 0.00265282
-0.967022 0.254564 0.00811154
-0.987197 0.15934 -0.0072215
-0.999732 -0.0213312 0.00894576
-0.999811 -0.0194409 -0.00075913
-0.999311 -0.0367882 -0.00496761
-0.637084 -0.770672 0.0137287
-0.722464 -0.691069 0.0216486
-0.732434 -0.680761 0.0101859
-0.705205 -0.708728 0.0197582
-0.705284 -0.708909 -0.00475476
-0.813469 -0.581553 0.00799752
-0.812549 -0.581882 -0.0342992
-0.808455 -0.588556 -0.00154065
-0.84026 -0.542152 0.00587064
-0.931756 -0.362993 0.00821196
