-0.013158 -0.0291328 -0.00235707
-0.0111588 -0.0252509 -0.0011897
-0.0191072 -0.0298444 -0.009019
-0.0169254 -0.0274396 0.00124496
-0.0176633 -0.0280587 0.000835219
-0.0181061 -0.0280518 -0.0050656
-0.0173081 -0.0270389 -0.00390384
-0.0172372 -0.0268384 -0.00205397
-0.0176901 -0.0244889 -0.0016891
-0.0193805 -0.0251008 -0.00418863
-0.0202884 -0.0255686 1.39063e-05
-0.0249454 -0.0247679 -0.00654231
-0.0216213 -0.0197083 -0.00418985
-0.00906689 0.0581422 0.001378
-0.00917596 0.0582471 0.0014654
-0.0111331 0.0579752 -0.00272241
-0.0167467 0.0573084 -0.000736652
-0.0189335 0.0571512 0.000544056
-0.0235197 0.0546104 -0.00266594
-0.0251489 0.053693 0.00199013
-0.0317516 0.0516952 0.00127724
-0.0334289 0.0507317 -0.00146809
-0.0339906 0.0498153 0.00112107
0.0274293 0.0303016 -0.00782859
0.0259193 0.0306747 -0.0128734
0.021454 0.0266729 -0.0112412
0.0157464 0.0213368 -0.0123251
0.023494 0.032442 -0.00826186
0.0149637 0.0268385 -0.0201477
0.0118485 0.0232452 -0.00702382
0.0158916 0.0287986 -0.00802158
0.0116862 0.0240837 -0.0074537
0.0142639 0.0319948 -0.010552
0.0134594 0.0341629 -0.00314164
0.0114148 0.038489 -0.00829947
-0.00532168 -0.0336593 0.00698761
-0.00441041 -0.0305132 0.00269385
-0.00565578 -0.0325815 -0.00290168
-0.00625612 -0.0318251 0.00205887
-0.00865718 -0.0332901 0.00635285
-0.00860523 -0.0297956 0.00115838
-0.00901053 -0.0300305 -0.000652386
-0.00947133 -0.0307684 -0.00455293
-0.0107133 -0.0320316 0.00437407
-0.0128573 -0.0308079 0.00510334
-0.0134913 -0.0294093 0.00378825
0.014103 0.0376188 0.000916564
0.0106428 0.0367361 0.00431411
0.00893928 0.0389932 0.00123182
0.00749448 0.0347275 -0.00340341
0.00308937 0.0354008 -0.0115346
0.00376723 0.0394088 -0.0119576
-0.00279251 0.032887 -0.00854378
-0.00184009 0.0392784 0.00594464
-0.00369684 0.0329531 -0.00446887
-0.00356445 0.0390862 0.00169046
0.00305113 -0.031779 -0.00216563
0.00286671 -0.0321851 -0.00434417
0.00272066 -0.0326041 -0.00633285
-0.00193186 -0.0323793 0.000302703
-0.00211678 -0.032609 -0.00291609
-0.00213385 -0.0322774 -0.00311359
-0.00280766 -0.0328718 -0.000646129
-0.00412965 -0.0288398 -0.00471303
-0.0060734 -0.0321589 -0.00599334
-0.0131213 -0.0316029 -0.00890685
-0.00489407 0.0352504 0.008561
-0.00640803 0.03846 0.0116812
-0.00826798 0.0266354 0.00882833
-0.00969474 0.0347302 0.011599
-0.0111322 0.0396486 0.00683878
-0.0144643 0.032571 0.00710941
-0.0154499 0.0343285 0.010438
-0.0160112 0.0334265 0.00395779
-0.0181436 0.0317216 0.0122711
-0.0194601 0.0358914 0.0110547
0.0105737 -0.0312298 0.00832342
0.00999162 -0.0291706 0.00581483
0.00981067 -0.0299366 -0.0030626
0.007004 -0.0305304 -0.00273687
0.00617173 -0.0301036 -0.00115746
0.00576246 -0.0313595 0.00120138
0.00598769 -0.0331211 0.00588693
0.00268799 -0.0325195 0.00461651
0.00190348 -0.0331249 0.00410596
-0.00316875 -0.0334783 0.00455901
0.0207427 0.0546882 -0.00139407
0.0205016 0.0543228 -0.00290629
0.0157548 0.0568281 0.00128272
0.0155602 0.0564698 -0.00332953
0.0136346 0.0572256 -0.0023309
0.0134128 0.0561223 -0.00422625
0.00692338 0.0578389 -0.00315019
0.00622627 0.0583839 -0.00163789
0.00599341 0.0582069 0.00141472
-0.00294076 0.0571121 -0.00158815
-0.00301807 0.0569142 -0.00756676
-0.00296813 0.0591488 -0.00259732
-0.00999777 0.0577809 -0.00303968
0.0212221 -0.0230357 1.12559e-05
0.0212366 -0.023451 -0.00204568
0.0211841 -0.0233658 -0.00182184
0.0210614 -0.0237331 -0.00194919
0.0172141 -0.0259047 0.00191596
0.0170747 -0.0258256 0.000519275
0.0129919 -0.0277594 -0.00445764
0.0112387 -0.0261055 -0.00299597
0.0107551 -0.0258036 0.00476615
0.0114564 -0.0278038 -0.00887204
