-0.0235664 -0.0573996 -0.00295739
-0.0237674 -0.0577233 -0.00121846
-0.024232 -0.0575419 -0.0016231
-0.0252019 -0.0569654 0.00177177
-0.0330358 -0.0540739 -0.00155617
-0.0337363 -0.0533885 -0.000436669
-0.0319663 -0.0546025 0.00131201
-0.0319327 -0.0545166 0.00153893
-0.0342114 -0.0528425 0.000723194
-0.0342332 -0.0532047 -0.00100275
-0.0379572 -0.0505237 0.00127209
-0.0372892 -0.0509898 -0.000681433
-0.0443597 -0.0442487 0.00254903
-0.0044198 0.0270686 0.00207372
-0.005831 0.0294537 -0.000111412
-0.0100371 0.02812 0.00541665
-0.0090837 0.027099 -0.000234712
-0.00931506 0.0273356 -0.00332993
-0.0121599 0.0259223 0.00376172
-0.0124579 0.0259566 0.00213764
-0.0175517 0.023566 0.00451464
-0.0173746 0.023991 0.000636311
-0.0202569 0.0220092 0.0015483
-0.0027933 -0.0601758 0.00134582
-0.00339977 -0.060503 -0.000477556
-0.00302913 -0.0590489 0.00780857
-0.00935847 -0.0612663 0.00143498
-0.00920642 -0.061332 -0.00162509
-0.00918981 -0.0612655 0.00146637
-0.00993828 -0.0610645 -0.00212161
-0.0110219 -0.0609182 -0.00292808
-0.0167036 -0.0600701 -0.00265313
-0.0188031 -0.0594629 -0.00304707
-0.0178312 -0.0591328 0.00728637
-0.0186344 -0.0597932 -0.00178706
-0.0191648 -0.0598968 0.00102339
-0.0187673 -0.0597157 0.00151751
-0.0386902 -0.0501295 -0.000888209
-0.0386253 -0.0499728 -0.000239486
-0.0335872 -0.051967 0.00592775
-0.0325282 -0.0538591 0.00121366
-0.0325743 -0.0541266 9.48856e-05
-0.0262754 -0.0570853 -0.000179509
-0.0188272 -0.0595943 0.0007165
-0.011313 -0.0611869 -0.0015052
-0.00998235 -0.0610624 0.00338854
-0.00816602 -0.0610956 -0.00147058
-0.0387812 -0.0497497 -0.000224061
-0.0339064 -0.0534587 -0.000509674
-0.0378721 -0.050368 -0.00382095
-0.0233465 -0.0580403 0.000303065
-0.0189012 -0.059768 0.000503906
-0.0229072 -0.0582953 -0.000641816
-0.00733332 -0.0614478 -0.00436351
-0.0164358 -0.0600821 -0.00364855
-0.0091153 -0.0613647 0.000427731
-0.00783684 -0.0606939 -0.0037943
-0.00337749 -0.0605256 -0.00283706
-0.00836551 -0.0612238 0.00621943
-0.00376902 -0.060605 0.00112773
-0.00376735 -0.0606029 0.000198981
0.0221809 -0.0566332 0.0015783
0.0206563 -0.0577237 -0.000872415
0.022226 -0.0565347 0.0014583
0.0208552 -0.0575395 -0.00120107
0.0210685 -0.0570516 0.0073371
0.0150013 -0.0600019 -0.00155555
0.0155783 -0.0592999 0.00188915
0.0157068 -0.0593318 0.000916686
0.0156666 -0.0597131 -0.00231357
0.0137185 -0.0602138 -0.00228969
0.0138178 -0.0603481 -0.00132059
0.0071039 -0.0611963 -0.000852073
0.00612214 -0.0609275 0.00152085
0.0101074 0.0269745 -0.0031078
0.00614006 0.0272179 0.00051383
0.00712094 0.0287371 -0.00606431
0.00513428 0.0273508 -0.00108607
0.00254891 0.0297738 5.49103e-05
0.00181184 0.0297337 6.35095e-06
0.00240691 0.0292363 -0.00254056
-0.00297516 0.0298157 -0.00226196
-0.00289391 0.0299219 -0.0013568
-0.00248921 0.0301947 -0.00511853
-0.00606623 0.0292371 -0.00188478
-0.00277938 -0.0603013 -6.66443e-05
0.00776508 -0.0609424 0.00204478
0.0169734 -0.0590961 0.000992298
0.0204847 -0.0575868 0.00109829
0.0159895 -0.0586978 0.00471603
0.0259624 -0.0540182 0.00153657
0.0274834 -0.0535679 0.000125134
0.0217797 -0.0560386 0.00403947
0.0341958 -0.0499831 0.00158524
0.0271329 -0.0535197 0.00160568
0.00606049 -0.0612613 -0.000651554
0.00675681 -0.0610622 -0.00407772
0.0150711 -0.0600413 0.000435461
0.0138621 -0.0600902 -0.00325783
0.00841046 -0.0616244 0.00144522
0.022679 -0.0565422 -0.00300866
0.0152696 -0.0595847 -0.00369544
0.0227936 -0.055592 -0.00484585
0.0360176 -0.0498228 -0.00243822
0.0363624 -0.0490326 0.00359501
0.0419865 -0.0454408 0.000258873
0.0419049 -0.0450928 -0.000990743
0.042057 -0.0447965 -0.00219275
0.0347187 -0.0505189 0.000630491
0.0340068 -0.0508161 -0.00134163
0.0371916 -0.0493029 -0.00162828
0.0283111 -0.0533193 0.00138632
0.0272789 -0.0538153 -0.000776596
0.0279071 -0.0525473 0.00214309
0.0273026 -0.0537734 -0.00182179
0.0266475 -0.0534414 0.00730711
