-0.0167967 -0.0603441 -0.00159798
-0.0188523 -0.0595921 -0.00245737
-0.0188899 -0.0597869 0.00135867
-0.0184919 -0.0598459 -0.00175919
-0.018694 -0.0599671 0.00113774
-0.0241961 -0.0575498 0.0073707
-0.023636 -0.0575902 -0.00241675
-0.0236908 -0.0577822 -0.00138483
-0.0320081 -0.054846 0.000813902
-0.0343964 -0.0530141 -0.00220169
-0.0326945 -0.0533917 0.00730549
-0.033499 -0.0536535 -0.000714958
-0.0372065 -0.0509295 -0.00198065
-0.0397024 -0.0488515 0.00740327
-0.0354478 -0.0487477 0.00881043
-0.0447509 -0.0449243 0.000432601
-0.0376416 -0.0501498 -0.00367903
-0.038249 -0.0500094 -0.00206601
-0.0384865 -0.050018 -0.000737829
-0.0385466 -0.0498548 -0.00261702
-0.0328803 -0.0537205 -0.00354527
-0.0329573 -0.0540689 -0.000498463
-0.0260746 -0.0565926 -0.00429569
-0.0260913 -0.0568186 -0.00347507
-0.0237898 -0.0577063 -0.00208838
-0.0222886 -0.0586589 -0.000259579
-0.00372025 0.026789 5.34701e-05
-0.00563113 0.0294677 -0.00411978
-0.00603216 0.029576 -0.00167156
-0.00630083 0.0296651 -0.00100822
-0.00901062 0.0284706 -0.00432338
-0.00967998 0.0280336 0.00212366
-0.0102541 0.0295822 -0.00805343
-0.00921128 0.0274574 -0.00413224
-0.0117936 0.0261136 0.00142858
-0.0135453 0.026484 -0.00361917
-0.0173675 0.0239272 0.000186754
-0.0186344 0.0220808 -0.00301489
-0.00307652 -0.0607335 -0.00174728
-0.00274332 -0.0616928 -0.00291034
-0.00284762 -0.0616872 0.0011599
-0.0034984 -0.060984 -0.00378341
-0.00344575 -0.0605576 -0.00129713
-0.00299121 -0.0619711 0.000945814
-0.0092375 -0.061603 0.00120904
-0.0090995 -0.0598007 0.00743859
-0.0100112 -0.0607746 -0.00302546
-0.00990125 -0.0610523 -0.000471658
-0.0165046 -0.0598218 -0.00324545
-0.0179831 -0.0599285 -0.00155067
-0.0329692 -0.0537068 0.00303796
-0.0325629 -0.0540304 0.000532755
-0.0199259 -0.0587548 0.00234381
-0.00818416 -0.0611516 -0.0020742
-0.00493752 -0.0606758 0.00358602
-0.0157105 -0.0597139 0.00426689
-0.00852571 -0.0608651 0.000291736
-0.00368936 -0.0602436 0.0027258
-0.00308452 -0.060239 6.52907e-05
-0.0033365 -0.0602085 0.000553188
0.00592834 -0.0608678 0.00324029
0.00311742 0.0289345 -0.00386818
0.00232283 0.0295978 0.00350233
-0.00264464 0.0297724 -0.00135165
-0.0020354 0.0290685 0.000855472
-0.00205549 0.0293911 -0.00269319
-0.00478302 0.0273715 0.00286634
-0.00522527 0.0300288 0.00301575
-0.00629257 0.0296797 -0.000345452
-0.00822161 0.0288834 0.00373441
-0.0103282 0.0279414 0.000856805
-0.00933318 -0.0614146 0.000312147
-0.0092253 -0.061329 0.000530274
0.00594678 -0.0606931 -0.00441002
0.00523449 -0.0611567 -0.00227238
0.00675681 -0.0610622 -0.00407772
0.0159969 -0.0597064 -0.00100148
0.0144008 -0.0600976 1.87367e-05
0.0220657 -0.0570542 0.000120563
0.0158643 -0.0597821 -8.83225e-05
0.0163277 -0.0595965 0.000421066
0.0219068 -0.0567215 -0.000776799
0.0221297 -0.0564335 -0.00218175
0.0219066 -0.0560244 0.00202532
0.0221953 -0.0566201 0.00146065
0.0206474 -0.0577078 -0.00193627
0.0211317 -0.057328 -0.00158509
0.0157403 -0.0597038 0.00154661
0.0155615 -0.0596183 0.000296208
0.0162244 -0.0596069 0.00129837
0.0157197 -0.0595296 0.000392796
0.0149863 -0.0599887 -0.00155527
0.0132917 -0.0588769 0.00826635
0.0138703 -0.0603123 -0.00168134
0.00696631 -0.061087 -0.00100515
0.00674742 -0.0601613 0.00135863
0.00588634 -0.0609413 0.00149217
0.00578186 -0.0583992 0.007276
0.0169201 0.0228364 -0.000389996
0.0118118 0.0237655 0.00137016
0.0124741 0.023694 -0.000122293
0.0129361 0.0253058 -0.00624386
0.012238 0.024626 0.000771708
0.0095315 0.0259093 0.000956434
0.0108927 0.0279107 -0.00718906
0.0100953 0.0270704 -0.00435846
0.0103989 0.0269565 -0.00138142
0.00788208 0.0277437 -0.00169076
0.00624769 0.0273782 -0.00344015
0.00752714 0.0280695 -0.00133243
0.00550721 0.0283305 -0.00412562
0.00546142 0.0283452 0.00165698
0.00175014 0.0311024 -0.00916818
0.0420014 -0.0449862 -0.00155538
0.0418427 -0.0450516 0.00155769
0.0362411 -0.0484282 0.00737815
0.0346665 -0.0501439 0.00153901
0.0337283 -0.0504515 -0.00235061
0.0281907 -0.0530578 0.00163733
0.0286206 -0.0538244 0.00075737
0.0273079 -0.0537356 -0.00210759
0.0270117 -0.0534197 -0.00313697
0.0205307 -0.0573762 -0.0029192
